200
80
7 6 11 8 12 7 9 7 7 11 8 6 11 10 9 8 12 12 8 6 10 8 9 9 12 6 7 12 7 11 10 9 11 9 11 11 9 10 8 6 11 6 6 7 11 12 7 11 11 12 10 8 8 7 8 8 8 12 11 12 9 11 11 12 8 8 7 8 6 10 11 6 12 11 7 7 8 10 6 10
1 1 1 1 0 0 0 0 1 0 1 1 0 0 1 0 0 1 0 0 1 1 1 0 1 0 1 0 0 1 1 1 0 1 0 1 1 1 1 1 1 0 1 0 0 0 0 1 1 0 0 1 0 0 0 0 1 0 1 0 1 1 1 1 0 0 0 1 0 1 0 1 1 1 1 0 1 0 0 1
0 0 0 1 0 0 0 1 0 1 0 1 1 1 0 1 1 0 1 1 0 0 0 1 1 0 0 1 1 1 0 0 1 1 1 0 1 1 1 0 1 1 1 0 1 0 1 1 0 1 1 0 1 1 0 1 1 0 1 0 0 1 1 0 1 1 1 0 0 1 1 1 0 1 1 1 1 1 0 1
0 0 0 0 1 1 1 1 1 1 0 0 1 0 1 1 0 0 0 1 0 0 1 0 1 0 0 0 1 1 1 0 0 0 1 1 0 0 1 0 0 1 0 1 1 0 0 0 1 1 1 1 1 1 1 1 0 1 1 0 0 0 1 0 0 1 1 1 0 1 0 1 1 0 1 0 1 1 1 0
1 1 1 0 0 1 1 1 0 0 1 1 0 0 0 0 0 0 0 1 0 0 1 0 0 1 0 0 0 1 0 1 0 0 1 0 0 0 0 0 1 1 0 1 1 1 1 1 0 0 1 1 1 1 0 0 0 1 1 0 1 0 1 0 1 0 1 0 0 1 1 0 1 1 1 1 0 1 0 0
1 1 0 1 0 0 0 1 0 0 0 1 0 1 1 1 1 0 1 1 0 1 0 1 1 0 0 1 1 0 0 1 1 0 0 0 1 0 0 1 1 1 0 1 0 1 1 0 0 1 0 0 1 0 0 0 0 0 0 0 1 1 1 0 1 0 1 0 0 1 1 1 1 0 0 1 0 0 1 1
1 1 0 1 0 0 0 1 0 0 0 0 0 1 0 0 0 0 0 0 0 0 0 0 0 1 1 0 1 1 0 0 0 0 1 0 0 0 1 1 0 0 0 0 0 0 0 1 0 0 1 1 1 0 0 0 0 1 0 0 1 1 0 0 1 0 0 1 1 1 0 0 1 0 0 1 0 1 0 0
1 1 0 1 0 1 0 1 0 0 1 1 0 0 1 0 0 0 1 1 0 0 0 0 1 0 0 1 1 0 0 1 0 0 0 1 0 0 1 0 1 1 1 0 1 1 1 1 1 0 1 0 1 0 1 0 0 1 0 1 1 1 1 0 0 1 1 0 0 0 1 0 0 1 1 1 1 0 0 1
1 0 1 1 0 1 0 1 1 1 1 0 1 0 0 0 1 0 1 1 0 1 0 1 0 0 0 1 1 0 0 1 1 1 1 0 0 1 0 0 0 1 0 0 0 0 0 1 0 1 0 0 1 0 1 1 1 1 0 0 1 1 1 0 0 1 1 1 1 1 1 0 0 1 0 0 1 1 1 0
0 1 1 0 1 1 1 0 1 0 0 0 1 1 1 0 1 1 0 0 1 0 1 1 1 0 1 0 1 0 0 1 1 0 0 0 1 1 1 1 0 0 1 0 0 0 0 0 0 0 0 0 0 1 1 0 1 0 1 1 1 0 0 1 1 1 0 0 1 1 1 0 1 1 1 0 0 1 0 1
1 0 1 0 1 1 1 0 0 0 0 1 0 1 1 0 1 1 0 0 0 0 0 0 0 0 0 1 0 0 1 0 0 1 1 0 0 1 0 1 1 1 0 1 1 0 1 0 0 0 0 1 1 0 1 0 1 0 0 0 1 1 0 1 0 1 0 1 0 1 1 1 0 1 0 1 1 0 1 1
1 0 0 1 0 0 1 0 0 0 1 1 0 0 1 0 1 0 0 0 0 1 0 0 1 0 1 0 1 0 1 1 1 1 1 0 1 1 0 0 1 1 1 0 0 1 0 0 0 0 1 0 0 1 1 1 1 1 0 0 1 0 0 1 0 0 1 1 0 0 0 1 0 0 1 0 0 0 0 1
0 1 1 1 0 1 0 0 1 1 1 1 0 0 1 1 0 1 0 1 0 1 1 0 1 1 0 1 1 1 0 1 1 0 1 0 1 0 1 0 1 0 1 0 0 1 1 1 0 0 1 0 1 0 1 0 1 0 0 0 1 0 0 1 0 0 0 0 0 1 0 1 1 0 1 1 1 1 0 0
0 1 0 1 0 0 0 1 0 0 1 1 0 0 0 1 0 0 0 0 0 1 1 1 0 1 0 1 0 0 0 1 0 1 1 1 1 0 1 0 1 0 1 0 0 0 1 0 0 0 0 0 1 0 0 0 1 0 1 0 1 0 1 1 0 1 0 1 0 1 0 0 1 0 1 1 0 1 0 0
1 0 0 1 1 0 0 1 1 1 1 1 0 1 1 1 1 0 1 0 1 1 1 0 1 1 0 1 0 1 0 1 1 1 0 0 1 0 1 1 1 0 1 1 0 0 1 1 0 1 0 1 0 1 1 0 0 1 0 1 0 0 0 0 1 0 0 0 1 0 1 0 1 1 1 1 0 0 0 1
0 1 1 0 1 0 1 1 1 1 0 0 1 1 1 0 1 1 0 1 0 1 0 0 0 0 0 1 0 0 0 0 0 1 0 0 0 1 0 0 0 0 1 0 1 1 1 1 1 1 1 1 0 1 1 1 1 0 1 0 0 0 1 1 0 0 1 1 0 1 1 0 1 0 0 0 0 1 0 1
0 0 1 0 1 1 0 0 1 0 1 1 0 0 0 0 0 0 1 0 1 1 1 1 0 0 1 1 1 0 1 1 1 0 0 0 1 0 0 1 1 0 0 1 0 1 0 1 0 0 1 1 1 1 0 1 0 0 0 1 0 1 0 0 0 0 0 1 1 0 0 1 1 0 0 0 0 1 1 1
1 0 1 0 1 1 1 1 0 0 0 1 1 1 0 0 0 1 0 1 0 1 0 1 0 1 1 0 0 1 0 0 1 0 1 0 0 0 1 0 0 1 0 1 1 1 0 0 0 0 0 0 0 0 1 0 1 1 1 1 1 1 0 1 0 1 1 0 0 0 1 1 0 1 1 1 1 0 1 0
0 1 0 0 1 0 0 0 0 0 1 1 1 1 0 0 1 0 1 1 1 1 1 1 1 1 1 0 1 1 0 1 1 1 1 0 0 1 1 0 0 0 0 0 0 1 1 0 0 0 0 1 1 0 0 1 1 0 0 1 1 0 0 1 1 1 1 0 1 0 1 1 1 1 1 0 1 0 0 1
0 0 0 1 0 1 0 0 1 1 1 1 0 1 1 0 1 0 1 0 0 0 0 0 1 0 1 1 1 1 1 1 0 0 0 0 1 1 0 0 1 0 1 0 1 0 1 0 1 0 1 0 1 1 1 0 0 1 1 0 0 1 0 0 0 0 0 1 0 0 0 1 0 0 1 1 1 0 0 0
0 0 0 1 0 0 0 1 0 1 1 1 1 1 0 0 1 0 1 1 0 1 0 1 0 0 0 0 1 1 1 0 1 1 1 1 0 1 0 1 1 0 1 1 0 0 0 0 1 1 1 1 0 1 0 0 0 1 0 1 0 0 0 1 1 0 0 1 0 1 0 0 1 1 0 0 1 1 0 0
0 1 1 0 0 1 0 1 1 1 1 1 1 1 0 0 0 1 1 0 1 0 0 0 1 0 1 1 1 0 0 0 1 0 1 0 1 0 1 1 1 1 1 0 1 0 1 1 1 1 1 1 1 0 0 0 0 1 0 0 1 1 1 0 1 1 0 1 1 0 0 1 1 1 1 0 0 1 1 0
0 0 1 0 0 1 1 1 0 0 1 0 0 0 1 0 1 0 0 0 0 0 0 0 0 0 1 1 0 1 1 0 0 0 0 0 1 0 0 1 1 1 1 0 0 1 1 0 1 1 0 1 1 1 1 1 0 1 1 1 0 0 0 0 0 0 1 0 1 1 0 1 1 0 1 0 1 0 1 1
0 0 0 1 1 1 0 0 1 1 1 1 1 1 1 0 1 0 0 1 1 1 0 1 1 0 1 0 0 1 1 1 1 1 1 1 0 1 0 1 1 0 1 1 1 0 0 0 1 1 0 1 1 1 0 0 0 0 1 0 1 0 1 0 1 1 0 1 1 1 0 0 1 0 1 1 1 1 1 0
0 1 1 0 0 0 1 0 0 1 0 1 1 0 0 1 1 0 0 1 0 1 1 0 0 1 0 0 1 0 1 1 0 0 0 0 0 1 0 1 1 0 0 0 0 1 1 0 0 0 1 1 0 1 1 0 0 1 0 0 0 0 1 1 1 1 0 1 1 1 1 1 1 0 0 1 1 0 0 1
1 0 1 1 0 0 0 0 0 0 0 1 0 0 1 1 0 0 0 0 1 1 1 0 1 1 0 1 0 1 0 0 1 1 0 1 1 1 1 0 1 0 0 1 1 0 0 1 0 1 0 0 1 0 1 1 0 1 0 1 1 1 1 1 1 1 0 1 1 0 0 1 1 1 0 0 0 1 0 1
0 0 1 0 0 0 0 0 0 1 1 1 1 1 1 1 0 0 1 1 1 0 1 1 1 1 0 1 0 0 1 0 1 0 1 1 0 0 1 0 0 0 1 1 1 1 0 0 0 1 0 0 1 0 1 0 0 0 0 0 0 0 0 1 1 1 1 1 0 0 1 0 0 0 0 0 1 0 1 1
1 1 0 0 1 1 1 0 0 0 1 0 1 1 0 1 0 1 0 1 1 0 1 0 1 0 1 1 1 1 0 0 1 1 0 1 1 0 1 0 1 1 1 1 0 1 0 1 1 1 1 0 0 1 0 0 0 0 1 0 1 0 1 1 0 1 1 1 1 1 0 0 0 0 0 0 1 0 1 1
1 0 0 1 0 1 0 1 1 0 0 1 1 1 1 1 0 1 1 1 1 0 1 1 0 1 0 1 0 0 0 1 1 0 0 0 0 0 1 0 0 1 1 0 0 0 0 1 1 1 0 0 1 1 1 0 0 0 0 1 1 0 1 0 1 0 0 1 0 1 1 0 0 0 1 1 1 1 0 1
1 1 0 0 0 0 1 0 1 1 1 0 0 1 0 0 1 0 1 1 0 0 1 0 1 0 1 1 1 0 0 1 1 1 0 1 0 0 0 1 0 1 0 0 1 0 1 1 1 1 1 0 0 0 1 0 1 1 1 0 0 1 1 0 1 1 1 0 0 0 0 1 1 1 1 1 1 1 0 1
1 0 0 0 0 0 1 0 1 1 1 0 1 1 1 1 1 1 0 0 0 1 0 0 1 1 1 0 1 1 0 1 1 0 0 1 1 0 1 0 1 1 1 1 1 1 1 0 1 0 0 0 1 0 0 0 1 0 1 1 0 0 1 0 0 1 1 0 1 0 0 0 0 1 1 0 1 1 0 1
0 1 0 0 0 1 1 0 0 0 0 0 0 1 0 0 0 1 0 1 0 1 0 0 0 1 1 0 1 1 0 1 0 1 1 1 0 1 0 0 1 0 0 0 1 1 1 1 0 0 1 0 1 0 0 0 1 1 1 1 1 0 1 0 0 1 1 1 1 1 0 1 0 0 1 1 1 0 0 0
1 1 1 0 1 1 1 1 0 0 1 1 0 1 0 1 1 0 1 0 0 0 0 1 1 1 0 0 0 1 0 0 1 0 1 1 1 0 0 1 0 1 1 0 0 0 1 1 0 1 0 0 1 1 0 1 0 1 0 0 0 0 1 1 0 0 0 1 1 1 0 1 1 0 1 0 1 1 0 0
1 1 1 1 0 1 0 1 0 1 0 1 0 0 0 1 0 0 1 0 0 0 0 0 1 1 0 1 0 0 0 1 0 0 0 1 1 1 1 1 0 1 0 1 1 0 1 0 1 1 0 1 1 1 0 0 1 0 1 1 1 1 1 1 1 0 0 0 1 0 1 0 1 0 1 1 0 1 0 1
0 0 0 1 1 0 1 1 0 0 1 1 1 0 1 1 1 1 0 1 0 1 1 0 1 0 0 1 0 0 0 1 0 1 0 1 0 1 1 1 0 0 0 1 1 0 1 1 1 0 0 1 1 0 1 0 1 1 0 1 0 1 1 1 1 0 0 0 1 0 0 0 0 1 1 1 0 1 1 0
1 1 0 0 1 1 1 0 1 0 0 0 1 0 0 0 1 0 0 1 1 0 1 0 1 1 0 1 0 0 1 1 0 0 0 1 1 0 0 1 0 0 0 0 0 0 0 1 0 1 1 0 0 1 0 1 1 1 0 0 0 0 0 1 1 1 0 0 1 1 0 1 0 0 0 0 0 0 0 0
1 0 1 1 0 0 1 0 1 0 1 0 0 1 1 1 1 1 0 1 0 1 1 1 0 1 0 0 1 1 0 0 0 0 0 1 0 0 1 0 0 1 1 1 1 1 1 0 0 0 1 1 1 1 0 0 0 1 1 1 0 0 0 0 0 0 0 1 0 0 0 1 1 0 1 1 0 0 0 1
0 0 0 1 0 1 1 0 1 0 0 1 1 0 0 0 1 0 0 0 0 0 0 1 1 1 0 1 0 0 0 0 1 0 1 0 0 1 0 1 1 1 0 0 1 1 0 1 1 1 1 0 0 1 0 1 1 1 1 0 1 0 0 0 1 1 1 0 0 0 1 0 0 0 1 0 1 0 1 1
0 1 0 0 1 1 1 1 0 1 1 0 1 1 0 1 0 1 0 0 1 1 1 0 1 1 0 0 0 1 1 1 1 1 0 0 0 1 0 0 0 0 1 0 0 1 0 0 1 0 1 1 1 1 0 1 0 0 0 1 0 1 1 0 1 0 1 1 1 1 1 1 0 1 0 0 0 1 0 0
0 1 0 0 0 0 0 0 0 0 0 0 0 1 0 0 1 1 0 1 1 1 0 1 1 0 0 1 1 0 1 1 0 1 0 1 0 1 1 0 0 1 0 1 1 1 1 1 0 1 0 0 0 1 1 1 1 1 1 1 0 0 0 1 1 0 0 0 1 0 1 0 1 0 1 0 0 0 1 1
0 0 0 0 1 0 1 0 1 0 1 0 0 1 0 1 0 1 1 1 1 1 0 1 1 0 1 0 0 1 0 1 1 0 1 0 0 1 1 1 0 1 1 0 0 1 1 1 0 1 1 0 0 0 0 1 1 0 0 1 1 1 0 0 1 1 0 0 0 1 0 1 1 0 0 0 1 0 0 1
1 0 0 0 0 1 0 0 0 1 1 1 1 1 0 0 0 0 0 1 0 1 0 1 1 0 0 0 1 1 0 1 1 0 0 1 1 0 1 0 1 0 0 1 0 1 1 0 1 1 1 0 1 1 0 0 0 0 1 0 1 1 0 1 1 1 1 1 0 1 0 0 1 0 1 0 1 0 1 0
0 1 0 1 0 1 0 0 1 0 0 0 1 0 0 1 0 0 0 0 1 0 1 1 0 1 0 0 0 1 1 1 1 0 1 0 0 0 0 0 0 0 1 1 0 1 0 0 1 0 1 0 1 1 1 1 1 1 0 0 0 0 1 1 1 0 1 0 1 1 0 1 1 0 1 1 0 1 1 1
1 1 0 1 0 0 1 1 1 0 1 1 1 0 1 0 0 0 0 0 0 1 1 1 0 0 1 0 0 1 1 0 0 1 1 0 1 1 0 1 1 0 1 0 0 1 1 0 1 1 1 1 0 1 1 0 0 0 1 1 1 0 0 1 0 1 1 1 1 0 0 1 1 1 1 0 1 1 0 1
1 1 1 1 0 0 1 1 1 0 0 0 0 0 1 0 1 0 1 0 1 1 0 1 0 0 1 1 0 1 0 1 1 1 0 1 0 1 0 1 1 0 0 0 0 1 0 0 0 1 1 0 1 1 1 1 0 1 0 1 0 0 1 0 1 1 0 0 0 1 1 1 0 0 1 1 0 1 0 0
1 1 0 1 1 1 0 0 0 0 1 1 1 0 0 0 0 0 0 1 1 0 1 1 0 0 1 1 1 0 0 1 1 0 1 1 0 0 1 1 1 1 1 1 0 1 1 0 0 0 0 0 0 0 1 1 0 0 0 1 1 1 0 0 1 0 0 0 1 0 0 0 1 1 0 0 0 0 1 1
1 1 1 0 0 0 0 0 0 0 0 0 1 0 1 1 0 0 0 1 1 1 0 0 1 1 0 0 1 0 1 0 0 0 0 1 0 1 1 0 0 0 1 1 0 1 1 1 0 1 0 0 0 1 0 1 1 1 0 0 0 0 1 1 1 1 1 1 1 1 1 0 1 1 0 1 1 0 0 0
0 1 0 0 1 0 1 0 1 1 1 1 1 1 1 1 0 1 1 0 1 1 1 1 0 0 0 0 1 0 1 0 0 0 0 1 0 1 0 0 0 1 1 0 1 0 0 1 1 1 0 0 1 0 1 1 1 1 1 1 0 0 1 1 1 0 0 0 1 1 0 0 0 1 0 0 1 1 0 0
0 1 0 0 1 0 1 1 1 0 1 0 0 1 0 1 1 0 1 1 0 1 1 1 0 1 0 1 0 1 1 1 1 0 0 0 0 1 1 0 0 0 0 1 1 0 1 0 1 0 1 1 0 1 1 0 0 1 0 0 0 1 1 1 1 0 0 1 0 0 1 0 0 0 1 1 0 1 0 0
1 0 1 0 0 0 1 0 1 0 0 1 1 1 1 0 1 1 1 1 1 0 1 1 0 1 1 1 1 1 0 1 1 1 1 0 1 0 0 1 0 0 1 0 0 1 0 1 0 1 1 0 1 1 0 1 1 1 0 1 0 0 1 0 1 1 0 1 0 1 1 1 1 0 1 1 0 0 1 1
0 0 0 0 0 0 0 1 1 1 1 0 1 0 0 1 0 0 1 0 0 0 1 0 0 0 1 0 1 0 0 1 0 0 0 0 0 0 0 0 0 1 1 1 0 1 1 1 1 0 1 1 1 0 0 1 1 0 0 0 1 0 0 1 0 0 0 0 1 0 0 1 1 1 0 0 0 1 1 1
1 1 0 1 1 0 0 0 0 0 0 1 1 0 0 0 1 0 1 0 0 0 0 1 1 0 1 0 1 1 1 0 1 0 0 0 1 0 0 1 1 0 0 1 0 1 1 0 0 1 0 1 0 0 0 1 0 0 0 0 1 1 1 0 0 0 0 0 0 0 0 0 1 1 1 1 1 0 1 0
1 0 0 1 0 0 0 0 0 1 1 1 1 0 0 1 1 0 0 0 1 1 1 0 1 1 0 0 1 1 0 1 0 0 0 0 1 1 1 1 0 0 0 0 0 0 0 1 0 1 1 1 1 1 0 1 1 1 1 1 1 0 1 1 0 1 1 1 0 1 0 1 0 1 0 0 1 0 1 0
0 0 1 0 1 1 0 1 1 0 1 1 0 0 0 0 1 1 1 0 1 0 0 1 0 1 0 0 0 0 1 0 0 0 0 0 1 0 1 0 0 1 1 0 0 1 1 0 1 0 0 0 1 0 1 0 0 1 1 1 1 1 0 1 1 1 0 1 1 0 0 0 0 1 0 1 0 1 0 1
0 0 1 1 0 1 1 0 1 0 0 0 0 1 0 0 1 0 1 0 0 0 1 0 1 0 0 1 0 0 0 0 0 0 1 0 0 0 0 1 0 1 0 1 0 0 0 0 0 1 1 1 1 1 0 0 0 1 1 0 1 1 1 1 0 0 0 0 0 0 1 1 0 1 0 0 0 1 1 0
1 0 1 1 0 1 1 0 0 1 1 1 1 1 1 1 0 0 0 1 0 1 0 1 0 1 0 0 0 1 1 1 1 1 0 0 0 1 1 0 0 1 0 1 0 1 0 1 1 1 1 0 0 1 0 0 1 1 0 1 1 1 0 0 0 0 0 0 0 1 0 0 0 0 0 0 0 0 1 1
0 0 0 1 1 0 1 1 1 1 0 1 0 0 0 1 1 1 1 1 0 1 0 1 0 1 0 0 0 1 1 0 1 1 0 1 1 0 0 1 0 0 1 0 1 1 1 1 1 0 1 0 1 1 1 1 1 1 0 1 1 1 1 1 0 0 0 1 1 1 1 1 1 1 0 0 0 0 1 1
1 0 1 1 1 1 0 1 1 0 0 0 1 1 1 0 1 0 1 1 0 0 1 0 0 1 1 1 0 1 0 1 0 0 1 1 0 0 0 0 0 0 0 1 0 0 0 0 1 1 0 1 1 0 1 1 1 1 1 1 1 1 0 1 0 0 0 0 1 0 1 0 1 0 0 1 1 0 1 0
1 0 1 1 0 1 1 0 0 1 1 1 0 1 1 0 0 0 0 1 0 0 1 1 1 1 1 1 1 0 0 0 0 1 0 1 0 0 1 1 1 1 1 1 1 1 1 0 1 0 0 1 1 0 1 1 1 1 0 1 1 1 1 0 1 0 0 1 0 0 1 1 0 0 1 1 1 0 1 1
1 0 1 1 1 0 0 0 1 1 1 1 0 1 1 1 1 0 0 0 0 1 1 0 0 0 0 1 0 0 1 0 1 1 1 0 0 1 1 1 0 1 0 0 0 1 1 0 1 0 0 1 1 1 0 1 1 0 0 1 1 0 1 1 0 1 1 1 0 0 1 0 0 1 0 0 1 1 1 0
0 0 1 0 0 0 0 0 0 0 0 0 0 1 1 1 1 0 0 0 0 1 1 0 1 0 0 0 1 1 1 1 0 0 0 0 0 1 1 1 1 1 1 1 0 1 0 1 1 0 1 0 1 1 1 1 0 1 0 1 0 0 0 1 0 0 0 1 1 0 0 0 0 1 0 0 0 0 0 0
0 1 0 1 0 0 1 0 1 0 1 1 0 0 0 0 1 1 0 1 1 1 0 1 1 1 1 0 0 1 0 1 1 0 0 0 0 0 0 1 1 0 1 0 0 1 1 1 1 1 1 0 1 1 1 0 1 1 0 1 0 0 0 1 0 1 1 1 0 1 0 1 1 0 0 0 0 1 0 0
0 0 0 1 0 0 1 1 1 0 0 1 1 0 1 0 0 1 1 1 1 1 1 0 0 0 1 0 0 0 1 0 1 0 1 1 0 0 1 0 0 1 1 0 0 1 0 1 0 0 0 1 0 0 0 1 0 1 0 0 1 0 0 1 1 1 0 0 1 1 0 0 1 0 1 1 1 0 0 0
0 1 1 1 1 0 1 1 1 1 0 0 1 1 0 1 1 0 0 0 0 1 0 0 1 1 0 0 0 0 0 0 1 1 0 0 0 0 1 1 0 1 1 1 1 0 0 1 0 0 1 1 0 1 1 1 1 1 1 0 0 1 0 1 1 1 0 1 0 1 1 1 1 0 1 0 0 1 0 1
0 1 0 1 1 1 1 0 0 1 0 1 0 1 1 0 0 0 0 1 1 1 0 0 0 1 1 0 1 0 0 0 1 0 0 0 1 1 0 1 1 1 0 1 0 1 0 1 1 1 0 0 0 1 0 1 0 1 1 0 0 0 0 0 0 0 0 0 1 0 1 0 0 0 1 0 0 0 0 1
1 0 0 1 1 0 1 1 1 1 0 0 1 0 1 1 1 1 1 0 1 0 1 1 1 1 1 1 0 1 1 1 1 0 1 1 1 0 1 0 1 1 0 0 1 1 1 1 0 0 1 1 0 1 0 0 1 1 1 1 0 0 1 1 0 0 0 0 0 1 1 1 1 1 1 0 0 1 1 0
1 0 0 0 1 1 1 1 0 1 1 0 0 0 1 0 0 1 0 1 1 0 0 1 1 0 1 1 1 1 0 1 0 1 0 1 0 1 0 0 0 1 0 1 0 1 0 0 0 1 1 1 0 1 1 1 1 0 1 1 1 0 1 1 1 1 0 1 1 1 0 0 0 0 1 1 1 1 0 1
0 1 1 0 0 0 1 0 0 0 1 1 0 1 1 0 0 0 0 1 1 0 1 0 0 0 0 0 1 1 1 1 0 0 1 0 1 0 1 0 0 0 0 1 0 0 1 0 1 0 0 1 0 1 0 0 1 1 1 1 1 1 1 0 0 0 1 0 1 1 0 1 1 0 0 1 1 1 1 1
1 0 0 0 1 1 1 0 0 1 1 1 1 0 1 1 1 0 0 0 0 0 0 1 1 0 1 1 1 0 0 1 0 1 0 0 0 1 1 0 1 1 0 0 1 0 1 0 1 1 0 0 0 1 1 0 1 0 1 0 1 0 0 0 1 1 1 1 0 1 1 1 0 1 0 0 0 0 1 0
0 0 1 0 0 1 1 1 1 0 1 0 1 0 0 0 0 1 1 0 1 1 0 1 0 1 1 0 1 0 0 1 1 0 0 1 1 1 1 0 0 1 1 0 0 0 0 1 0 1 1 0 0 0 1 1 1 0 1 1 0 1 0 1 0 1 0 0 0 1 0 0 0 0 0 1 1 0 1 1
1 1 0 0 1 1 1 1 0 0 0 1 0 1 1 1 0 1 1 0 1 1 1 1 0 1 1 1 1 0 0 1 1 1 1 0 0 1 0 0 1 0 0 1 1 0 0 0 1 0 0 1 1 0 1 0 0 0 1 1 0 0 1 0 0 1 1 1 0 1 0 0 1 0 0 0 1 1 1 0
0 0 0 0 1 1 1 0 0 0 0 1 1 1 1 0 0 0 0 1 1 1 0 1 1 1 1 1 1 1 1 1 0 1 1 0 0 1 0 1 0 0 0 0 0 0 1 1 0 0 0 1 1 0 0 1 1 1 0 1 1 1 0 1 1 0 1 1 1 1 0 1 0 1 0 1 1 1 0 0
1 1 1 0 0 0 1 0 0 0 1 1 0 1 1 1 0 1 1 0 1 1 1 0 1 1 0 1 0 0 1 1 0 0 0 0 0 1 1 0 1 0 1 1 0 0 0 0 1 0 1 1 1 0 1 1 1 1 1 1 0 0 0 0 0 0 1 1 1 0 0 0 1 0 1 0 0 1 0 1
0 0 0 1 0 0 1 1 1 0 0 0 0 0 0 0 1 0 0 1 1 0 1 0 1 1 1 0 1 0 1 0 0 1 1 0 0 0 1 0 1 0 0 0 1 1 0 0 1 1 1 1 0 0 1 0 0 0 1 0 1 0 1 1 0 0 0 0 1 1 0 1 0 0 0 0 0 0 0 0
1 1 0 1 0 0 0 0 1 1 1 0 0 0 1 1 1 1 1 0 1 0 1 1 1 1 0 0 0 0 0 1 0 1 0 0 0 0 0 1 0 0 0 1 1 1 0 0 1 1 0 0 1 1 1 1 1 0 0 1 1 1 0 0 1 1 0 1 0 0 0 1 0 0 0 1 1 1 0 0
1 1 1 1 0 0 0 1 0 0 0 1 0 1 0 0 1 0 1 1 0 0 1 1 1 1 0 1 1 1 1 0 1 0 0 0 0 1 1 1 1 1 0 0 1 0 1 1 0 1 1 1 0 0 1 1 1 0 1 1 0 1 1 0 1 0 0 0 0 1 0 1 1 0 0 0 1 0 0 0
0 0 1 0 1 0 1 1 1 1 0 0 0 0 0 0 1 1 1 1 0 1 1 1 1 1 1 1 1 0 1 1 0 1 1 0 1 0 0 0 1 0 1 0 1 0 1 0 1 0 1 0 1 0 0 1 0 0 0 0 1 1 0 0 0 1 1 1 1 0 0 1 0 1 0 0 0 0 0 0
0 1 1 1 1 1 0 0 1 0 1 0 1 0 0 0 0 1 1 0 1 1 0 0 0 1 0 0 1 0 0 1 1 1 0 1 0 1 0 1 1 0 1 1 1 1 1 0 1 1 0 1 0 0 0 1 0 1 1 0 1 1 1 0 0 0 1 0 1 1 1 1 1 0 1 1 0 1 0 0
1 0 0 0 0 1 0 1 1 0 1 1 1 1 1 0 0 0 1 1 0 1 1 1 1 0 1 1 0 0 0 0 0 1 0 0 1 0 0 0 1 0 0 1 0 1 1 0 1 0 0 1 0 1 1 1 1 1 1 1 1 0 1 0 0 0 0 1 1 0 0 0 0 0 0 1 1 0 0 1
1 0 0 0 0 0 1 1 1 1 1 0 0 0 1 1 1 1 1 0 0 0 0 0 0 1 1 1 1 1 1 1 1 1 0 0 0 1 0 0 1 1 0 1 0 1 0 0 1 1 0 1 1 0 0 0 0 0 1 1 0 0 0 0 1 0 0 0 1 0 0 0 0 0 1 1 0 1 1 0
0 1 0 0 0 0 0 1 1 0 1 1 0 1 0 0 1 0 0 1 0 1 0 0 1 0 1 0 1 1 1 1 1 0 0 0 1 0 0 0 0 1 1 1 1 0 1 0 1 1 0 0 1 1 1 0 1 1 1 0 0 1 0 0 0 1 0 0 1 0 1 0 1 1 0 0 0 1 1 0
1 0 0 1 0 0 1 1 1 1 0 1 0 1 0 1 1 1 0 0 1 0 0 0 0 1 0 0 1 1 0 0 1 0 1 1 0 1 1 1 0 1 0 0 1 0 0 0 1 1 1 1 0 1 1 1 0 1 0 1 1 0 1 0 0 1 0 0 1 1 1 1 1 1 0 1 1 1 0 0
1 0 1 0 0 0 0 1 1 0 1 1 1 0 1 0 0 1 0 1 0 1 0 0 1 0 1 1 1 1 0 1 0 0 1 1 1 1 0 0 0 0 0 1 0 1 1 0 0 0 1 0 1 1 1 0 0 1 0 0 1 1 1 1 1 1 1 0 0 0 0 0 0 1 1 1 0 1 1 1
1 0 1 1 0 1 1 1 1 0 1 1 1 1 0 0 0 0 0 0 1 1 0 1 0 0 0 1 0 1 0 1 1 1 1 1 1 1 0 0 0 1 0 0 0 1 0 1 1 0 1 0 1 0 0 0 1 1 1 0 0 1 0 1 0 0 1 0 0 0 1 1 1 0 1 0 1 0 0 0
0 0 0 0 0 1 0 0 0 1 1 1 1 1 0 1 0 1 1 0 1 1 1 0 0 1 1 1 0 1 0 1 0 0 0 1 1 0 1 1 1 1 0 0 1 1 1 0 0 1 1 1 0 1 1 0 0 1 1 1 0 1 0 0 1 0 1 0 0 1 1 0 1 0 1 1 0 1 1 1
0 1 0 1 0 1 0 1 0 1 1 0 1 1 1 0 1 1 1 1 1 1 1 0 1 0 1 1 1 1 0 1 1 0 1 0 0 0 1 0 1 1 0 1 1 1 0 0 1 0 0 0 1 0 0 0 1 0 1 0 1 0 0 1 0 0 0 0 1 0 1 1 0 0 0 0 0 1 0 1
0 1 0 0 1 0 1 1 1 1 1 0 0 0 1 1 0 0 1 1 1 0 0 1 0 1 0 1 0 1 0 0 1 0 1 1 1 1 0 0 0 0 1 1 0 1 0 0 0 0 1 1 1 1 1 0 1 0 0 0 0 0 0 0 1 1 0 1 1 0 1 0 0 1 1 0 1 1 1 1
1 1 0 0 0 0 0 1 1 1 0 1 0 0 0 1 1 0 1 0 1 0 0 1 1 0 0 1 1 1 0 1 0 1 0 1 1 1 0 1 1 1 0 0 0 0 0 1 0 0 0 0 0 1 0 1 1 0 0 1 0 0 0 1 1 0 1 0 0 0 1 0 0 1 0 0 1 1 0 0
0 1 0 1 0 1 0 1 0 1 0 1 1 1 1 0 0 1 1 1 1 1 0 1 0 0 0 1 0 0 0 0 1 1 1 1 1 0 1 1 0 1 1 0 0 0 1 1 1 1 1 0 1 0 0 1 0 1 0 0 1 0 1 0 0 0 0 1 0 0 1 0 0 1 0 0 0 1 1 1
0 0 1 1 1 0 0 0 0 1 1 0 1 1 1 0 1 0 0 0 1 0 0 1 1 0 1 1 0 1 1 0 0 0 0 1 0 1 1 0 0 0 1 1 0 1 0 1 0 1 0 0 0 1 0 1 1 1 1 1 1 1 1 0 0 1 1 0 0 0 0 0 1 1 1 1 0 1 0 0
1 0 0 0 1 1 1 1 1 1 0 1 0 1 0 1 1 0 1 1 0 0 0 1 1 0 1 0 0 1 0 1 1 1 1 0 0 0 1 0 1 1 1 0 0 0 1 1 1 1 0 1 0 1 0 0 0 1 1 0 0 1 1 0 0 1 1 0 0 0 1 0 1 0 1 1 1 1 0 1
0 1 0 0 0 0 0 1 0 1 1 0 1 0 1 1 1 1 1 0 1 1 0 1 0 1 0 1 0 1 0 1 1 1 1 0 1 1 1 0 0 0 0 1 0 1 1 1 1 1 1 1 0 0 1 1 1 1 1 0 0 0 1 0 0 1 0 1 1 0 1 1 0 0 0 1 0 1 1 0
0 1 0 1 0 0 1 1 1 1 1 0 1 0 0 0 0 0 0 0 1 0 1 1 1 1 0 0 1 0 1 0 1 0 0 1 1 0 1 1 0 0 0 0 1 0 0 1 0 0 1 0 0 0 0 0 1 1 1 1 1 1 0 0 1 1 0 0 1 1 0 0 1 1 0 1 1 1 0 1
0 1 0 0 0 1 1 0 1 1 1 1 0 0 0 0 1 1 1 1 1 0 1 1 1 1 1 0 0 1 1 1 0 0 0 0 1 0 1 1 0 0 0 1 1 0 0 0 1 0 0 0 0 1 1 0 1 0 0 0 1 1 0 1 1 1 1 1 1 0 0 1 0 1 0 1 1 0 1 0
1 1 1 1 0 0 1 1 0 1 1 1 0 0 1 0 0 0 0 0 0 1 1 1 0 0 0 0 0 0 1 1 0 1 0 0 0 0 1 1 1 0 1 0 0 1 0 1 0 1 1 0 1 0 1 0 1 1 1 0 1 0 0 1 1 0 0 0 1 1 0 0 1 0 0 1 0 0 0 1
0 0 0 0 1 1 1 1 1 1 0 1 1 0 0 0 1 0 1 0 0 0 0 1 0 1 1 0 0 1 1 0 1 1 0 1 1 0 0 1 0 1 0 0 1 1 0 1 1 0 0 0 1 0 1 1 0 1 1 1 1 0 0 0 1 0 0 1 1 1 0 0 1 1 1 1 0 1 1 0
1 1 0 1 0 0 0 0 1 0 0 0 1 1 1 1 0 0 0 1 0 1 1 0 1 1 1 0 0 1 1 1 0 1 0 0 0 1 1 0 0 0 1 0 0 1 1 1 0 0 1 0 1 0 0 1 1 1 0 1 1 1 1 1 0 0 1 1 0 0 0 1 1 1 1 1 1 0 0 0
1 0 0 0 1 0 1 0 1 0 1 0 0 1 1 1 1 0 0 0 1 1 0 1 0 0 1 1 0 0 0 0 0 0 0 1 1 0 0 0 0 1 1 1 1 1 0 1 1 1 0 0 1 1 1 0 0 1 1 1 0 0 1 1 1 1 1 1 0 0 1 0 0 0 1 1 1 1 1 1
1 1 0 1 0 1 0 1 1 1 0 1 0 1 0 0 0 1 1 0 1 0 0 1 1 0 1 1 1 0 0 1 0 0 0 0 0 0 0 0 0 1 1 0 0 0 0 0 0 1 0 0 0 0 0 0 0 0 1 1 0 0 1 1 0 1 0 1 0 1 0 1 0 0 0 0 1 0 1 1
0 1 0 0 1 0 0 1 1 1 0 1 0 0 0 0 1 1 0 1 1 1 1 1 1 1 1 1 0 0 1 0 0 0 0 0 0 1 0 0 1 1 0 0 0 1 1 1 1 1 0 0 1 1 1 0 1 0 0 1 0 1 0 1 0 1 0 0 1 0 1 1 0 1 0 1 0 0 0 0
0 0 1 0 0 1 0 0 0 0 1 0 1 1 0 1 1 0 1 1 1 1 1 1 0 1 1 1 1 0 0 0 1 0 0 1 1 1 0 0 0 0 1 1 1 0 1 1 0 0 0 0 1 0 0 0 1 1 0 0 1 0 0 0 1 1 0 1 0 0 0 0 1 0 0 0 1 0 1 1
1 1 0 0 1 1 1 0 0 0 1 0 0 1 0 0 0 0 1 1 1 0 1 0 0 1 1 0 0 1 0 1 0 1 1 1 1 0 0 1 0 0 1 1 1 1 1 1 0 0 1 0 0 1 1 0 0 0 0 0 0 1 0 0 0 1 0 0 1 1 0 1 1 1 0 0 1 1 0 0
0 1 1 1 1 0 0 1 1 1 1 1 0 1 0 0 0 0 0 0 0 1 1 1 1 1 0 0 0 0 0 0 1 1 0 1 0 1 0 1 1 1 1 0 1 0 1 1 0 0 0 0 0 0 0 1 1 1 1 0 0 0 0 1 0 0 0 1 1 1 0 1 0 0 1 0 1 0 1 1
1 0 1 0 0 0 0 0 0 0 1 0 0 0 0 0 0 0 0 1 1 0 1 1 0 1 1 0 1 0 1 1 0 0 1 1 1 0 1 0 1 1 1 1 0 1 0 1 1 0 0 0 0 1 1 0 1 0 1 0 1 1 0 1 0 0 1 1 0 1 1 0 0 0 0 1 1 0 1 0
0 0 0 1 0 0 1 1 0 1 1 0 0 0 0 0 1 0 1 1 0 0 0 0 0 0 0 0 0 0 0 1 1 0 1 1 1 1 1 1 0 0 0 0 1 1 1 0 0 1 0 1 1 0 1 0 1 0 1 0 1 1 0 1 1 1 1 0 0 1 1 1 0 0 1 0 0 1 0 0
1 0 0 1 1 1 1 0 1 0 0 0 1 0 0 1 0 0 1 0 0 0 0 1 0 0 0 1 1 1 0 0 0 1 1 0 1 1 0 0 0 0 1 0 1 0 1 0 1 0 0 0 1 0 0 1 1 1 0 0 0 0 0 0 1 0 0 0 1 1 0 0 1 1 0 1 0 0 0 1
1 1 0 1 0 1 1 0 1 0 1 1 1 1 1 1 1 1 1 1 0 1 1 1 0 0 1 1 1 0 0 0 1 0 1 0 1 0 1 0 1 0 1 1 0 1 1 1 0 1 1 1 1 0 1 0 1 1 0 0 1 1 1 1 1 1 0 0 0 1 0 1 0 1 0 1 0 0 1 1
0 0 0 1 1 1 1 0 0 0 0 1 1 0 1 0 0 0 0 0 1 0 1 1 1 1 1 1 0 0 1 0 0 0 0 1 1 0 0 1 0 0 0 0 0 1 0 1 0 0 1 0 0 0 0 0 0 0 0 0 1 0 0 1 1 0 0 0 1 1 1 0 1 1 0 1 0 1 0 0
1 1 1 1 0 1 1 0 1 0 0 0 0 1 1 1 0 1 1 0 0 0 1 0 0 0 0 1 1 0 1 0 0 0 0 0 1 1 1 1 1 1 1 0 0 1 0 0 0 0 0 0 0 1 1 0 0 1 1 0 0 0 0 1 0 0 0 0 1 1 1 1 0 0 1 1 1 1 0 1
1 1 0 1 1 1 1 0 0 0 1 0 1 1 1 0 1 0 1 1 1 1 0 0 0 1 0 1 1 1 1 1 0 0 0 0 0 0 1 1 1 1 0 1 0 1 0 0 0 0 1 1 0 0 1 1 1 0 1 1 0 1 0 0 1 1 1 1 0 1 1 1 0 0 0 1 0 1 1 1
1 0 0 1 0 1 1 1 0 0 0 1 1 1 0 0 0 0 1 0 0 0 0 1 1 1 1 1 0 1 0 1 0 0 0 1 1 0 0 0 0 1 1 0 0 0 0 0 1 0 0 0 1 1 1 0 1 0 1 0 0 1 1 0 0 0 1 1 0 1 1 0 1 0 0 1 0 0 0 1
1 0 1 1 0 1 0 0 0 0 1 0 0 1 1 0 0 1 1 1 1 1 1 1 0 0 0 0 0 0 1 1 0 0 0 1 0 1 0 1 0 1 1 1 1 1 1 0 0 1 0 1 1 0 0 0 1 0 1 1 0 0 0 0 1 0 0 1 0 1 0 0 1 1 1 0 0 1 0 1
0 1 1 1 0 0 1 1 1 0 1 1 1 0 1 0 0 0 1 0 0 0 1 1 1 1 1 0 1 0 1 0 1 1 0 1 1 1 1 1 1 0 1 0 1 0 1 1 0 1 0 0 0 0 0 1 1 0 1 1 1 1 0 1 1 0 0 0 0 0 0 0 0 1 1 1 1 0 0 0
1 1 1 0 0 0 0 1 0 0 1 1 1 0 0 0 0 1 0 0 0 0 1 1 0 0 1 0 1 1 0 1 1 1 1 0 0 0 0 1 1 1 0 0 1 1 1 1 0 0 0 1 1 1 1 0 0 0 0 1 1 0 1 0 1 1 0 0 0 1 1 1 1 0 1 0 0 1 1 1
1 0 1 1 0 1 1 1 0 0 0 1 0 0 0 1 1 0 1 1 0 0 1 1 1 1 1 0 1 0 0 1 0 0 0 0 1 0 1 0 0 0 0 0 0 1 0 1 1 1 0 1 0 0 1 0 0 1 0 0 0 1 0 1 1 0 0 0 1 1 0 1 0 0 0 0 0 1 1 1
0 0 0 1 0 0 0 0 0 0 0 1 0 0 1 1 0 1 1 1 1 1 1 1 0 0 1 0 1 0 1 1 0 1 0 0 0 0 1 1 1 1 1 1 1 1 0 0 1 0 1 1 0 1 1 1 1 0 1 0 1 1 0 0 0 1 0 1 0 1 1 0 1 0 0 1 0 1 1 0
0 1 1 1 1 1 1 0 0 0 1 1 0 0 0 1 1 0 0 1 0 1 1 1 1 0 1 1 0 1 1 0 0 0 0 0 0 0 1 1 0 0 0 1 0 1 0 0 0 1 0 1 1 1 1 0 0 0 0 1 0 1 1 1 1 1 1 0 1 1 0 1 0 0 1 1 1 0 1 1
0 0 1 1 1 1 0 0 1 0 0 1 1 0 1 1 1 0 1 1 0 0 1 1 0 1 1 1 1 1 1 1 0 0 0 1 1 1 1 1 0 1 0 1 0 0 0 0 1 0 0 1 0 0 1 0 1 1 0 1 0 1 1 0 1 1 0 0 1 1 1 1 1 0 1 1 0 0 1 1
1 0 1 1 0 1 0 1 0 1 0 1 0 0 0 0 0 1 0 0 0 1 0 1 1 1 1 0 0 1 1 1 0 0 1 1 1 0 0 1 0 1 0 0 0 0 1 1 1 0 1 1 1 0 1 0 0 0 0 1 0 0 0 0 0 1 1 0 0 0 0 0 1 0 1 1 1 1 0 1
1 0 0 1 1 1 1 1 0 1 0 1 1 1 1 1 1 0 1 1 0 1 0 1 1 1 0 0 1 0 0 0 1 0 0 1 1 1 1 1 0 1 0 0 0 1 1 0 0 1 0 0 1 1 1 1 1 0 0 1 1 1 0 0 0 0 0 0 1 0 0 1 1 1 0 0 1 1 0 0
0 1 0 1 1 1 1 0 1 0 1 1 1 1 1 1 0 0 1 0 1 0 1 1 0 0 1 0 0 0 0 0 0 0 0 0 1 0 0 0 0 0 1 1 0 1 0 1 0 0 1 1 1 0 0 1 1 1 0 0 0 1 1 0 1 1 1 1 1 0 1 0 0 1 0 0 1 1 0 0
0 0 1 1 0 0 0 1 1 0 1 0 1 1 0 0 0 0 0 0 1 1 0 1 0 0 1 0 0 0 1 1 1 0 0 0 0 1 0 0 0 0 1 0 1 0 1 0 0 0 1 0 1 1 1 1 0 1 1 1 1 0 1 1 0 0 1 1 1 1 1 0 0 1 1 1 1 0 1 1
1 1 0 1 1 1 1 1 0 1 0 0 0 1 0 1 0 0 1 1 1 1 1 1 0 1 0 0 1 0 0 0 0 0 1 0 1 1 0 1 1 1 1 1 0 0 1 0 1 1 0 0 0 0 0 1 0 1 1 0 0 0 1 1 0 1 1 1 0 0 1 0 0 1 0 0 0 0 1 1
1 0 0 0 1 0 1 1 0 0 1 0 0 0 1 0 1 0 0 1 0 0 0 1 1 0 1 0 1 0 0 1 1 1 0 0 0 0 0 0 0 0 1 1 1 0 0 1 0 1 0 1 1 1 1 1 1 1 1 1 0 1 0 1 1 0 1 0 1 1 1 1 1 0 0 1 1 0 0 1
0 0 0 1 1 1 0 0 0 0 0 0 0 1 0 1 1 1 0 0 1 1 0 1 0 0 0 1 0 0 0 0 1 1 0 1 0 0 0 0 1 0 0 0 0 1 0 0 0 1 1 0 0 1 1 1 0 1 0 0 1 1 0 0 1 1 0 0 1 0 0 0 1 1 0 0 1 1 0 1
1 0 1 1 1 1 0 1 0 1 0 1 1 0 1 0 0 0 0 0 0 0 1 1 1 1 0 1 0 1 0 1 0 0 1 0 1 0 0 1 1 0 0 1 1 0 1 0 1 0 1 1 1 1 0 1 0 0 0 1 1 0 0 1 1 1 0 1 1 1 0 0 0 0 1 1 1 1 0 0
0 0 1 1 1 1 1 1 0 0 0 0 1 0 0 1 0 1 1 1 1 0 0 0 0 0 0 0 1 1 0 1 1 1 0 0 1 1 1 1 0 0 1 0 1 1 0 1 1 0 1 0 0 0 1 0 1 0 1 0 1 1 0 1 0 0 0 0 0 0 1 0 1 1 0 1 1 0 0 1
0 0 0 1 0 0 0 0 1 0 1 0 0 1 1 0 0 1 0 1 0 1 0 0 1 0 0 0 0 0 0 1 0 1 0 0 1 0 1 0 0 0 0 0 1 1 0 0 1 0 0 1 1 0 0 0 0 0 0 1 0 1 1 0 0 0 0 0 1 0 1 1 1 1 0 0 0 0 0 1
0 0 0 0 0 1 1 0 0 0 1 1 0 0 0 0 0 1 1 0 0 0 1 1 0 1 0 1 0 1 1 0 0 0 1 1 0 1 1 0 1 0 1 0 0 1 1 0 0 0 1 0 1 1 0 1 1 1 1 0 1 1 1 1 1 1 1 1 0 1 0 1 0 0 0 0 1 0 0 0
1 0 1 1 1 0 1 0 1 0 1 1 0 0 0 0 0 1 1 0 1 1 0 1 1 1 1 0 0 1 1 1 1 0 0 0 0 1 0 1 1 1 1 1 1 0 1 0 1 0 0 1 0 1 0 0 1 0 1 0 1 1 0 0 0 1 1 1 1 0 0 1 1 1 0 0 0 0 0 0
0 0 1 1 0 0 1 0 1 0 1 0 0 1 0 0 0 0 0 0 0 0 1 1 0 1 0 1 0 0 0 0 0 1 0 0 1 0 0 1 1 0 1 1 1 0 1 0 0 1 0 0 1 1 0 0 0 1 1 1 0 0 0 1 1 1 1 1 0 0 1 0 0 1 0 0 1 0 0 0
1 1 1 0 0 0 0 1 0 0 0 1 1 0 0 1 0 0 1 0 1 0 0 0 0 1 0 1 0 0 0 0 1 0 1 0 1 0 0 0 1 1 1 1 0 0 0 0 1 0 1 0 0 0 1 1 0 0 1 0 0 0 0 0 1 0 1 1 1 1 0 1 1 0 1 1 1 0 1 1
1 1 0 1 1 1 0 1 1 0 1 0 1 0 1 0 1 1 1 1 0 1 1 1 1 1 0 0 1 0 0 1 1 0 1 0 0 0 1 0 1 1 1 1 1 0 1 1 0 1 0 0 0 0 1 1 1 1 1 1 1 0 1 1 1 0 0 1 0 1 1 1 1 0 0 1 1 1 1 1
0 1 1 1 0 1 0 0 1 0 0 0 1 1 0 1 0 1 1 1 0 0 1 1 1 0 0 0 0 0 1 0 0 0 0 1 1 0 0 0 0 0 0 1 0 1 1 1 0 0 1 0 1 1 0 1 1 0 1 0 1 1 1 1 0 1 0 1 0 0 1 1 0 0 1 1 0 1 1 0
1 1 1 0 1 1 0 0 0 1 0 1 1 0 1 0 1 0 0 1 0 0 1 0 1 1 0 1 1 0 0 1 0 1 0 1 0 0 0 1 0 1 0 0 0 0 0 1 0 0 0 0 1 0 1 1 0 0 0 0 0 1 0 0 0 1 0 0 0 1 0 0 1 1 0 0 0 1 0 0
1 1 0 0 0 1 0 1 0 0 0 1 1 1 0 0 0 0 0 0 0 1 1 1 0 1 1 0 1 1 1 1 1 1 0 1 0 1 1 1 0 0 1 1 0 1 1 1 0 0 0 1 0 1 0 0 1 1 0 1 0 1 1 0 1 0 0 0 0 1 0 0 0 1 0 0 0 1 0 0
1 0 1 0 1 1 1 1 1 0 1 0 1 1 0 1 1 1 1 0 0 0 1 0 0 0 1 1 1 0 0 0 1 0 0 0 1 1 1 0 0 0 0 0 0 0 0 1 0 0 0 0 1 0 0 1 1 0 0 1 0 0 0 0 0 0 0 1 1 1 1 0 0 0 1 1 1 1 0 0
1 0 0 0 1 0 0 0 0 1 1 1 1 1 0 0 1 1 0 1 0 0 0 0 0 1 1 0 1 0 0 0 1 1 0 1 0 0 0 1 0 0 1 1 0 0 0 0 0 0 0 0 0 1 1 1 1 1 0 1 0 1 1 1 0 1 1 1 0 1 1 1 0 1 1 1 0 0 1 1
1 0 0 1 1 0 0 1 1 0 0 1 1 1 1 1 0 1 1 1 1 1 0 1 0 1 1 0 1 0 1 0 1 1 0 1 1 0 1 1 1 1 0 1 0 1 1 1 1 0 0 1 1 1 1 1 0 0 1 0 0 0 0 0 0 1 1 0 1 1 1 1 1 0 1 1 1 0 1 0
0 1 0 1 0 1 0 0 0 1 0 1 1 0 1 0 1 0 1 0 1 0 1 0 0 1 1 0 1 1 0 0 1 1 1 0 0 0 1 1 1 1 1 1 0 0 1 0 0 0 0 1 0 1 1 0 1 0 0 1 0 0 0 0 1 0 1 1 0 1 0 0 0 0 0 0 1 1 0 1
1 1 0 1 1 0 0 0 1 1 0 0 1 0 0 0 0 0 1 0 1 0 1 0 0 0 0 1 0 1 0 1 0 0 0 0 1 1 0 1 0 1 1 1 0 1 0 0 0 0 1 0 1 1 0 1 1 1 0 1 1 0 0 0 1 0 1 1 0 1 0 0 0 1 0 0 0 0 0 1
1 1 0 0 0 0 1 1 1 1 0 1 1 1 1 0 0 0 0 1 1 0 0 0 1 1 0 0 0 0 0 0 1 1 0 1 0 0 1 0 0 1 1 0 0 0 0 0 1 1 0 0 1 1 1 0 1 0 1 0 0 0 1 0 0 0 1 0 0 1 1 1 0 1 0 0 1 0 0 1
0 1 1 0 0 0 1 1 1 0 0 1 1 0 0 0 1 0 1 0 1 0 0 0 1 0 1 1 0 1 1 1 0 0 1 1 1 1 0 1 0 0 1 0 0 1 0 0 0 1 0 0 1 1 1 0 0 0 0 0 1 0 0 0 1 1 1 1 1 1 1 1 0 1 0 1 1 1 0 1
0 0 0 0 1 0 0 1 0 1 1 0 0 0 1 1 1 0 0 0 0 0 1 0 1 1 0 1 0 1 0 0 0 0 1 1 0 0 0 1 1 1 1 0 1 0 1 1 1 0 0 0 1 1 0 1 1 1 1 0 0 0 0 1 1 1 1 0 1 1 1 0 1 1 0 0 0 0 1 1
0 1 0 1 0 0 1 0 0 0 0 1 1 0 1 1 1 1 1 1 0 0 1 0 0 1 0 1 0 1 0 0 1 1 0 0 1 0 0 1 1 1 0 0 1 0 0 1 1 0 0 1 1 1 0 1 1 0 1 1 0 0 0 0 0 1 1 1 0 0 1 0 1 1 0 1 1 0 1 1
0 0 0 0 0 0 0 1 1 0 0 1 1 1 0 1 1 1 1 0 1 0 0 1 0 0 1 0 1 0 0 0 0 1 1 1 1 0 0 1 1 0 0 1 0 1 0 1 0 1 0 0 0 0 0 1 0 1 1 0 0 0 0 1 0 1 0 0 1 0 1 0 1 0 1 1 0 0 0 0
0 1 0 1 0 1 1 0 0 1 1 0 1 1 0 0 0 0 0 0 0 0 1 0 0 1 1 1 1 1 0 1 0 0 0 0 0 1 0 0 1 1 1 1 1 0 1 1 1 0 1 0 0 0 1 0 1 1 1 1 0 0 0 1 1 0 0 1 0 1 1 0 1 0 1 1 1 1 1 0
1 0 1 0 1 0 1 1 1 0 1 1 0 0 0 0 0 1 1 0 1 0 1 0 0 0 1 0 0 1 0 0 1 0 0 0 0 1 1 0 1 0 0 1 0 1 1 1 0 1 1 1 1 1 0 0 1 0 1 1 0 1 0 0 0 0 1 1 0 0 1 0 0 1 0 0 0 1 1 0
1 0 1 0 1 0 1 0 1 0 0 1 1 1 1 1 1 0 0 1 1 1 0 0 1 0 0 1 0 1 1 0 0 0 0 0 1 0 1 1 1 0 0 0 1 1 0 1 0 1 1 1 0 0 0 1 1 0 1 1 1 1 1 0 1 1 1 0 0 0 1 1 0 0 0 0 1 1 0 0
1 0 1 1 1 1 1 0 0 1 1 0 0 1 0 1 1 1 0 0 0 1 0 1 1 1 0 0 1 1 0 1 0 1 1 1 1 0 0 0 0 1 0 1 0 1 1 1 0 1 0 0 1 1 0 0 0 0 0 1 1 0 0 0 0 1 1 1 0 0 0 1 1 1 1 0 1 0 0 1
0 0 1 1 1 1 1 1 0 1 0 1 0 1 0 0 1 1 1 0 1 0 0 1 1 1 1 1 1 0 0 0 1 1 1 1 0 1 0 1 0 1 1 1 1 1 1 1 0 1 0 1 1 0 0 0 0 0 1 0 1 0 1 0 1 0 1 0 0 1 0 1 1 0 0 1 0 0 0 1
1 0 1 1 0 1 1 0 1 0 0 0 0 0 0 0 0 0 1 0 0 0 0 0 1 1 0 0 0 1 1 1 0 1 1 0 0 1 1 0 0 0 0 1 0 1 0 1 1 1 1 0 1 1 0 0 0 1 0 0 1 0 0 0 0 1 0 1 0 1 0 0 1 1 1 1 1 1 0 0
0 1 1 1 1 0 1 1 1 0 1 1 1 1 1 0 1 0 0 0 1 0 1 1 0 1 0 1 0 1 1 0 1 0 1 0 1 1 0 1 0 0 1 1 1 0 0 0 0 1 1 0 0 1 1 1 0 1 0 0 0 0 1 1 1 0 0 0 0 0 0 1 0 1 0 0 0 1 0 0
0 1 0 1 1 1 1 1 1 0 1 0 1 1 0 0 0 0 0 0 1 0 0 0 0 0 0 0 1 1 1 1 1 0 1 0 0 0 0 0 0 0 1 1 1 0 1 1 0 0 1 0 0 0 0 1 0 0 0 1 0 1 0 0 1 1 1 1 0 0 0 0 0 1 0 1 1 1 0 1
0 1 1 0 1 1 1 0 0 0 0 1 1 1 1 1 1 1 0 1 1 1 1 0 0 0 1 1 0 1 1 0 0 1 1 1 0 1 1 1 0 0 1 1 0 1 1 1 0 0 0 0 1 0 0 0 0 0 0 0 0 0 0 1 0 0 1 0 0 1 0 0 1 0 1 1 1 0 0 0
1 0 1 1 1 1 1 1 0 0 1 0 1 1 0 0 0 1 1 1 0 1 1 1 1 1 0 0 1 0 1 1 0 0 1 0 1 0 0 0 1 1 1 1 1 1 0 0 1 0 1 1 1 1 0 1 0 1 1 1 0 0 1 1 0 1 0 1 0 0 1 1 1 1 1 1 0 1 1 1
0 1 0 1 0 0 0 0 0 1 1 0 0 1 0 1 1 0 0 1 0 1 0 1 1 0 0 1 1 1 0 0 0 0 0 1 0 1 1 1 0 1 0 0 0 1 1 0 1 1 0 0 1 1 0 0 0 1 0 0 0 0 0 1 0 0 1 1 1 1 0 1 1 1 0 0 1 1 0 0
0 0 0 1 0 0 0 1 0 0 1 1 0 0 0 0 0 1 0 0 1 0 1 0 1 1 1 0 0 0 0 0 0 1 0 0 1 0 1 1 0 0 0 1 0 1 0 0 0 0 1 0 0 1 0 1 1 1 0 0 1 1 1 0 1 1 1 0 0 1 1 0 1 1 1 1 1 1 1 0
0 0 1 0 1 0 0 1 0 1 1 0 1 0 0 1 0 0 0 1 1 0 1 1 0 1 0 1 0 1 0 0 1 0 0 1 0 0 1 0 1 1 1 0 1 0 0 0 1 1 1 1 1 1 1 1 0 1 1 0 0 0 1 0 0 1 0 1 0 1 1 1 0 0 1 0 0 0 0 1
0 1 0 0 0 1 0 1 0 0 1 1 1 0 0 1 0 1 1 0 1 1 1 0 1 0 0 1 1 0 1 1 1 0 0 1 0 0 1 1 0 0 0 0 1 0 1 0 0 0 1 0 0 1 0 1 0 1 0 1 1 1 0 1 0 1 1 0 0 1 0 1 1 0 1 1 0 1 1 0
0 1 1 0 0 1 1 0 1 1 0 0 1 1 0 0 1 1 1 1 1 0 1 0 1 1 1 1 0 0 0 1 0 1 1 1 0 0 1 0 0 0 0 0 0 1 1 1 1 1 1 0 1 0 1 0 1 0 0 0 0 0 1 0 1 1 1 1 0 1 1 0 1 1 1 0 0 1 1 0
0 1 1 1 1 0 0 1 1 1 1 0 1 1 1 0 0 0 0 0 0 0 1 0 0 0 0 1 1 0 1 0 0 0 1 0 1 1 0 1 1 1 0 0 1 0 1 1 0 1 0 1 0 1 1 1 0 0 0 1 0 1 0 1 0 1 0 0 0 1 1 0 0 0 0 1 0 0 1 1
1 1 0 1 0 0 0 0 1 0 1 0 1 1 1 0 0 0 0 0 0 1 0 0 0 1 0 1 1 1 1 0 1 0 1 0 1 0 1 0 1 1 0 1 0 0 1 1 1 1 0 0 1 0 0 1 0 0 0 1 1 1 1 0 1 0 0 0 0 1 0 1 0 0 1 1 0 1 1 1
0 0 1 1 0 0 1 0 1 0 0 1 1 0 1 0 0 0 0 0 0 1 1 0 0 0 0 1 0 0 1 1 1 1 1 1 0 1 1 1 1 1 0 0 0 0 0 1 0 1 0 0 0 1 1 1 0 1 0 0 1 0 0 1 0 0 1 0 0 1 1 0 0 0 0 1 0 1 1 1
0 0 1 0 1 0 0 0 0 0 1 0 0 0 1 0 1 1 0 1 1 1 1 1 1 1 0 1 1 0 1 0 1 1 0 0 0 0 0 1 0 1 1 1 1 1 1 0 1 1 1 1 0 0 0 1 0 0 0 0 0 0 1 0 1 1 0 1 0 0 0 1 0 1 1 0 1 1 0 0
1 1 1 0 0 0 0 1 1 0 0 1 1 1 0 0 0 1 0 1 1 0 1 0 0 1 0 1 1 1 0 1 0 0 1 1 1 1 1 0 1 1 0 1 1 1 0 0 0 1 1 1 0 0 0 0 1 0 1 0 1 0 0 1 0 1 1 0 0 1 0 1 1 1 0 0 1 0 1 0
0 0 0 0 0 1 1 1 1 1 0 1 1 0 0 1 0 0 0 1 0 1 0 1 0 1 0 1 1 1 1 0 1 0 0 1 1 1 1 1 1 0 1 0 1 0 1 1 1 0 0 0 1 1 1 1 0 0 0 0 1 1 0 0 0 1 1 1 1 0 1 0 0 1 1 1 0 0 1 1
0 0 0 0 1 0 1 0 1 0 1 0 1 0 0 1 1 1 1 1 0 1 0 1 0 1 1 0 0 1 0 1 0 1 0 1 1 1 0 0 1 1 1 0 1 0 0 1 1 0 1 1 0 1 0 0 1 0 0 1 1 1 0 0 1 0 1 0 1 0 1 1 1 0 0 1 1 0 0 1
1 0 0 1 1 1 1 0 1 1 1 1 1 1 1 0 0 0 0 1 1 1 0 1 0 0 1 1 1 0 0 0 0 1 0 1 0 1 1 1 0 0 0 0 1 0 0 1 0 1 0 1 1 0 0 0 1 1 1 1 1 0 1 1 1 1 1 1 1 1 0 1 0 0 0 0 0 0 1 0
1 0 1 0 0 0 1 1 1 1 0 1 0 1 0 1 1 1 0 0 1 1 0 1 0 0 0 1 0 1 1 0 0 1 1 0 0 1 1 0 1 1 0 1 1 0 1 1 1 0 0 1 0 1 0 0 1 1 1 1 0 1 1 0 0 1 0 0 0 0 0 0 0 0 1 0 0 1 1 1
0 1 0 0 0 0 0 1 1 0 0 0 0 1 0 0 0 0 0 0 0 0 0 1 1 0 0 1 1 1 0 1 1 1 0 0 0 0 0 0 0 1 1 0 1 0 1 1 0 0 1 1 1 1 0 0 0 0 1 1 1 0 0 0 0 0 0 0 1 1 1 0 0 0 0 1 1 0 0 1
0 0 0 1 0 1 1 0 0 1 0 1 0 0 0 1 0 0 0 1 0 1 1 0 1 0 1 0 0 0 0 1 0 1 1 0 1 1 0 1 1 0 0 1 0 1 0 1 0 0 0 0 1 0 0 1 1 0 0 1 0 0 1 0 1 1 0 0 0 1 0 0 1 0 0 0 1 0 0 1
0 1 0 1 1 1 0 1 0 1 0 0 1 0 1 0 0 0 1 1 1 0 0 1 1 1 1 1 0 1 1 0 1 1 1 1 1 0 0 0 1 0 0 1 0 0 0 0 1 1 0 1 0 0 0 1 0 0 1 0 1 0 1 1 1 1 0 1 0 1 1 1 1 0 1 0 0 1 0 1
0 0 1 1 0 0 0 0 0 1 0 1 0 0 1 1 1 0 0 1 0 1 1 0 1 0 1 0 1 1 1 1 0 0 1 0 0 1 1 0 1 1 1 1 0 0 1 0 0 0 1 0 1 0 1 0 1 0 0 1 1 0 1 1 1 1 0 1 0 0 0 1 1 0 1 1 1 0 0 0
0 1 0 0 1 1 1 1 0 0 0 1 1 0 1 0 0 0 0 1 0 0 0 0 0 1 1 1 0 1 1 0 0 1 0 0 1 1 0 0 0 0 0 0 0 0 0 1 1 1 0 1 0 1 1 1 1 1 0 0 0 1 1 0 0 0 0 0 0 1 0 1 0 1 1 1 0 1 1 1
1 0 0 0 0 0 0 0 0 0 0 0 1 1 1 0 0 1 1 1 1 1 1 1 1 1 1 1 1 0 1 1 0 0 0 0 1 0 1 1 0 0 1 0 0 0 0 0 1 1 0 0 1 0 0 0 1 1 1 1 1 1 0 0 0 0 0 0 1 0 0 0 0 1 0 1 1 1 0 1
1 0 1 0 1 0 1 0 0 1 1 0 0 1 0 0 1 1 0 1 1 0 0 0 0 1 1 1 1 1 0 1 1 1 1 1 1 0 1 1 0 0 0 1 0 0 0 0 0 0 1 1 0 1 1 1 0 0 0 1 1 0 0 0 1 0 0 0 1 1 0 0 1 1 0 1 0 0 1 1
1 0 1 1 0 0 0 1 1 1 0 1 1 1 1 1 1 1 0 0 1 0 0 1 0 0 1 1 1 0 0 0 0 1 1 1 1 0 0 1 1 0 1 1 1 1 0 1 0 0 1 1 1 0 0 1 1 0 1 1 0 1 1 0 1 0 0 1 1 0 1 0 1 0 1 0 1 1 1 1
0 1 0 1 0 0 0 0 1 0 1 0 0 0 1 1 1 0 0 0 0 1 0 1 0 0 0 0 1 1 1 0 1 0 1 0 1 0 1 1 1 0 1 1 1 1 1 1 1 1 1 0 0 0 1 1 0 1 0 0 1 1 0 1 1 1 0 0 1 0 0 0 1 0 1 1 0 1 0 1
1 0 1 1 0 0 0 1 1 0 1 0 1 0 1 0 0 0 0 0 1 1 0 0 1 0 0 0 1 0 1 1 1 0 0 1 1 1 0 1 0 0 0 1 0 1 1 1 0 0 0 1 1 0 0 0 1 0 0 1 0 0 1 0 0 0 1 0 1 1 1 1 0 1 1 0 1 0 0 1
0 1 1 0 1 1 1 0 1 1 0 1 1 1 1 1 1 0 1 0 1 0 1 0 1 1 1 1 0 0 1 0 1 0 0 1 1 0 1 1 1 0 1 0 1 0 0 1 0 0 0 1 1 1 1 1 0 0 0 0 0 1 1 1 1 1 1 0 0 0 1 1 0 1 0 1 0 1 0 0
1 0 1 0 0 1 0 1 0 1 1 0 1 0 0 0 1 1 0 0 0 1 1 0 0 0 0 1 0 0 0 0 0 0 1 1 1 1 0 1 0 1 0 0 0 1 1 1 0 1 1 1 1 1 1 1 0 0 0 0 1 0 1 1 1 1 0 1 0 1 1 0 0 0 0 0 0 1 1 1
0 1 1 1 0 1 1 1 1 1 1 0 0 0 0 0 1 1 0 0 0 0 1 1 1 0 0 1 0 0 0 1 1 0 1 0 1 1 0 1 0 0 0 1 1 1 1 0 1 0 1 0 1 1 0 0 1 0 1 1 1 0 1 1 0 0 0 0 1 0 0 0 0 0 1 0 0 0 0 1
0 0 0 1 1 1 0 1 1 0 1 0 1 0 1 0 1 1 1 0 1 1 0 0 0 0 0 0 0 0 1 0 1 0 1 0 1 0 0 0 0 0 0 0 0 0 1 0 1 0 1 1 1 0 0 0 0 1 0 0 1 0 1 0 0 1 0 0 0 1 0 1 0 0 1 0 1 0 1 1
0 0 1 1 0 1 1 0 0 1 0 1 1 0 0 1 1 0 0 1 0 0 1 1 0 1 0 1 1 0 1 0 1 1 1 0 1 0 0 0 0 1 0 1 1 1 0 0 1 1 1 0 1 1 1 0 1 0 0 1 1 0 1 1 0 0 1 1 0 1 1 0 1 0 1 0 0 0 1 0
1 1 1 1 1 0 1 0 1 1 0 0 0 0 0 1 0 1 1 1 0 1 1 0 0 0 0 0 1 1 0 0 1 0 1 1 0 0 1 1 1 1 0 0 0 1 1 0 1 1 0 0 1 0 1 1 0 0 0 1 0 1 0 0 0 0 1 0 1 0 0 1 1 1 1 1 0 1 1 1
0 1 0 1 1 1 1 0 0 0 1 0 1 0 1 0 1 1 1 1 0 0 1 0 1 1 1 0 0 1 1 0 1 0 0 0 0 1 1 1 1 1 0 1 1 1 1 0 1 1 1 0 0 1 1 1 0 1 1 1 0 0 1 1 0 1 1 0 0 0 0 0 1 1 0 1 1 1 1 1
0 1 0 1 1 1 0 1 1 0 0 0 1 0 1 0 0 0 0 0 0 1 1 0 0 0 1 1 0 1 0 0 0 0 1 0 0 0 0 0 0 1 0 1 0 1 0 1 0 1 0 1 0 0 0 1 0 1 1 0 0 1 1 0 1 1 1 1 0 0 1 1 0 1 0 1 1 0 1 0
0 1 0 1 1 0 1 0 0 0 0 0 1 0 0 1 0 0 1 0 0 0 1 1 1 0 0 0 0 1 0 0 0 0 1 0 1 0 0 1 0 1 0 0 0 1 0 0 1 0 1 0 0 1 1 1 0 1 0 1 1 0 1 1 1 0 1 0 1 1 0 1 1 1 0 1 1 1 1 0
1 1 0 0 1 0 0 1 1 1 1 1 0 1 0 1 1 1 0 1 0 0 1 1 0 1 0 0 1 1 1 1 1 1 1 1 0 0 1 1 0 0 0 0 0 1 0 0 0 0 1 0 1 0 1 0 0 1 1 1 1 1 1 0 1 1 0 1 1 1 1 1 0 0 0 0 1 1 1 0
1 0 0 1 0 0 1 0 0 1 1 1 1 1 0 0 1 0 0 1 0 1 0 1 1 0 0 1 1 1 1 1 1 1 0 0 0 1 0 0 0 1 1 0 1 0 1 1 0 1 0 1 1 0 1 1 0 0 1 0 1 1 1 1 1 0 0 1 0 0 0 0 1 0 1 0 1 1 1 0
1 1 0 1 0 1 0 0 1 0 1 1 0 0 1 0 1 0 1 0 1 1 1 1 1 0 0 0 1 1 1 1 1 0 1 0 0 0 1 1 0 0 0 0 1 1 0 1 1 1 1 1 1 0 0 0 1 0 1 0 0 0 0 0 0 1 0 1 1 1 0 1 1 1 1 1 1 0 0 0
0 0 1 0 1 1 0 1 0 0 0 0 0 0 1 0 1 0 0 0 0 0 0 1 0 0 0 1 1 1 0 0 1 0 0 0 0 0 1 1 1 0 0 0 0 0 1 0 1 1 1 1 1 0 0 0 0 1 0 1 0 1 1 0 1 1 1 0 0 0 0 1 1 0 1 0 1 0 1 0
1 1 1 0 1 0 1 1 1 0 1 0 1 0 0 1 0 0 1 1 1 1 0 0 0 0 1 0 1 0 0 0 1 1 0 1 0 1 0 1 0 0 0 0 1 0 0 0 0 1 1 1 0 0 0 1 1 1 0 0 1 0 0 1 0 0 1 0 0 0 1 1 0 1 1 0 1 0 0 1
0 0 1 1 1 0 0 0 1 0 0 0 1 0 1 1 0 0 0 1 1 0 0 0 1 1 0 1 1 1 1 1 1 0 1 1 1 1 1 1 0 1 0 1 0 0 0 1 0 0 1 1 1 0 0 1 0 0 1 1 1 1 0 0 1 1 0 0 1 0 1 1 1 0 0 0 0 0 0 0
0 0 0 1 1 0 0 1 0 1 0 0 1 1 1 1 0 0 1 0 0 1 0 1 1 0 1 0 1 0 1 1 0 0 0 0 1 1 1 0 1 1 1 0 0 0 0 1 1 1 1 1 0 0 1 1 1 1 1 0 1 1 1 0 1 0 1 0 0 0 0 0 1 0 1 0 0 0 0 0
1 0 1 0 1 1 1 0 1 0 0 1 1 1 0 1 0 1 1 1 0 0 1 1 1 0 0 0 0 1 1 1 1 1 0 0 0 0 1 1 0 1 0 1 0 0 0 0 1 1 1 0 1 0 1 0 1 1 0 1 0 1 1 1 0 0 0 0 1 1 1 1 0 0 0 1 1 1 1 1
1 0 1 0 0 0 1 1 1 1 1 0 0 0 0 0 0 0 0 1 1 0 1 1 0 0 1 0 0 1 0 0 0 0 1 0 0 1 1 1 0 0 0 1 0 0 0 0 1 1 0 1 1 1 1 0 1 1 0 0 1 0 1 1 0 1 1 0 1 0 0 0 0 1 0 0 0 0 1 1
0 0 0 0 1 1 1 1 0 1 0 0 1 0 1 1 1 0 0 1 1 1 0 0 0 0 0 0 1 1 0 1 1 1 1 1 0 0 1 0 0 1 1 1 1 0 0 0 0 1 1 0 1 1 0 0 0 1 1 0 1 0 1 1 0 0 0 1 0 0 1 1 1 0 1 1 0 1 0 1
0 1 1 1 1 1 0 0 0 0 1 0 0 0 1 1 1 1 1 0 1 1 0 1 0 0 0 0 1 1 0 0 1 0 0 0 0 0 1 0 0 1 1 0 1 1 0 0 0 1 1 0 0 1 0 0 0 0 1 0 1 0 0 0 1 0 0 0 1 0 0 0 1 0 1 1 1 1 0 0
0 0 1 0 0 0 1 1 0 1 1 1 1 0 0 1 1 1 0 1 1 1 0 0 1 1 0 0 0 1 1 0 0 1 0 1 0 0 1 1 1 0 0 1 1 0 0 1 0 1 0 1 0 0 1 0 1 1 1 0 0 0 0 1 1 0 1 0 0 1 0 0 1 1 1 1 1 1 1 0